1000
28
57
43
10
58
47
42
51
49
40
75
80
0
82
32
13
48
18
91
54
32
83
86
35
50
75
20
7
21
44
90
38
40
94
23
24
48
25
67
60
53
58
88
53
43
93
79
24
74
85
1
73
98
92
81
58
13
52
21
2
33
14
83
67
67
25
86
83
64
30
96
75
58
4
79
28
26
77
51
81
87
11
90
89
31
19
67
3
88
65
35
27
58
90
69
87
11
94
51
46
64
54
77
43
74
98
74
77
59
34
81
46
97
50
18
17
19
57
89
65
11
94
13
31
52
54
93
54
62
33
51
45
30
93
50
40
30
47
10
17
48
95
92
74
66
79
84
78
82
38
46
36
71
6
44
32
75
91
58
89
86
26
89
29
88
11
74
7
70
45
30
75
3
66
34
45
36
89
64
75
40
94
94
32
66
55
60
0
84
57
21
3
37
45
10
53
53
43
37
7
19
74
51
91
63
85
76
39
69
98
8
88
78
97
51
38
50
15
28
47
65
44
33
72
14
45
66
21
44
94
16
5
87
31
64
17
31
97
80
61
4
4
1
41
78
87
54
25
85
11
96
96
7
11
3
33
33
7
16
45
11
8
11
19
96
72
70
82
13
14
66
79
33
64
42
71
25
3
66
33
89
59
49
47
31
91
27
48
57
27
92
86
69
93
81
3
20
69
4
26
12
52
77
19
60
50
0
93
68
62
41
91
24
22
47
48
23
21
28
48
68
21
3
47
34
64
7
68
81
81
83
35
28
98
14
7
40
90
54
31
53
12
55
26
72
22
89
24
33
67
50
14
97
61
97
9
86
75
96
55
50
89
27
39
97
74
1
26
79
95
54
58
94
5
77
58
60
97
84
78
79
37
99
0
20
2
61
31
37
8
77
99
79
89
95
13
51
38
53
25
29
34
92
21
1
97
67
39
32
40
80
54
11
45
32
81
65
21
92
53
99
24
5
96
3
37
24
77
91
19
42
74
24
60
1
48
88
11
72
10
15
95
96
49
76
1
4
62
8
14
25
87
49
15
57
71
8
69
89
96
11
49
33
80
49
10
89
76
30
12
33
78
51
61
64
29
53
58
21
9
42
65
5
98
29
76
69
42
93
45
39
45
44
63
78
72
36
47
67
55
3
96
45
76
99
92
21
13
92
0
15
52
73
42
84
57
48
77
32
60
74
8
97
13
18
99
88
40
69
14
60
48
15
99
33
99
31
90
43
26
36
83
11
47
58
0
49
12
15
52
99
30
16
91
64
98
62
31
32
7
77
10
27
60
5
25
73
71
4
48
81
38
29
3
21
76
70
49
36
28
0
6
73
58
97
78
7
10
34
4
2
21
74
20
5
41
15
13
0
8
88
10
28
0
15
51
48
54
63
51
18
76
45
51
87
43
14
41
75
41
96
98
81
91
90
84
70
54
81
77
42
91
36
72
15
41
2
97
89
86
39
19
7
8
84
31
96
77
47
36
20
85
71
65
41
88
67
26
73
40
73
95
49
59
52
53
83
63
30
7
95
41
84
88
91
21
23
93
13
17
21
6
33
60
82
56
47
12
67
58
70
49
60
52
94
16
21
91
80
21
7
22
43
84
68
16
96
54
97
59
5
10
78
16
19
17
87
96
55
24
33
75
62
47
46
99
43
27
9
40
57
40
6
13
32
7
6
73
61
95
5
47
1
36
11
50
81
61
73
45
76
47
20
99
53
74
63
62
84
47
34
45
78
30
29
62
87
60
97
56
92
73
17
18
53
0
61
12
72
35
96
99
79
29
38
64
90
17
80
99
33
64
58
2
44
6
81
15
88
61
91
77
41
31
96
32
32
69
51
22
12
99
40
58
23
18
74
27
26
72
91
8
21
95
31
62
67
0
99
57
42
49
83
72
97
21
42
52
7
39
16
92
64
86
57
58
61
19
36
67
88
15
30
19
80
47
16
59
94
53
49
76
9
65
53
93
60
75
51
48
65
67
82
17
0
10
67
70
32
67
8
14
45
35
59
68
59
24
56
51
18
84
65
28
11
40
97
79
65
38
51
22
87
72
48
46
29
66
50
3
69
27
94
82
73
31
8
29
2
27
13
11
3
89
14
41
57
66
91
91
29
29
6
15
77
66
2
47
39
19
90
5
28
54
46
76
19
11
4
76
40
83
98
71
88
13
59
78
50
67
95
10
67
81
9
71
62
90
76
12
53
87
67
88
88
68
32
20
76
31
38
55
62
12
35
42
17
75
66
72
80
24
86
65
8
4
86
69
94
14